12:48:39.094008557 openat 740990 groovy /etc/ld.so.cache f
12:48:39.094196313 openat 740990 groovy /lib/x86_64-linux-gnu/libc.so.6 f
12:48:39.096731405 openat 740990 sh /etc/ld.so.cache f
12:48:39.096875471 openat 740990 sh /lib/x86_64-linux-gnu/libc.so.6 f
12:48:39.099909038 openat 741186 ls /etc/ld.so.cache f
12:48:39.100073629 openat 741186 ls /lib/x86_64-linux-gnu/libselinux.so.1 f
12:48:39.100544896 openat 741186 ls /lib/x86_64-linux-gnu/libc.so.6 f
12:48:39.101100968 openat 741186 ls /lib/x86_64-linux-gnu/libpcre2-8.so.0 f
12:48:39.101444767 openat 741186 ls /lib/x86_64-linux-gnu/libdl.so.2 f
12:48:39.101807412 openat 741186 ls /lib/x86_64-linux-gnu/libpthread.so.0 f
12:48:39.105301397 openat 741186 ls /etc/ld.so.cache f
12:48:39.105453860 openat 741186 ls /lib/x86_64-linux-gnu/libnss_files.so.2 f
12:48:39.108982527 openat 741187 expr /etc/ld.so.cache f
12:48:39.109132395 openat 741187 expr /lib/x86_64-linux-gnu/libc.so.6 f
12:48:39.112903806 openat 741188 expr /etc/ld.so.cache f
12:48:39.113234058 openat 741188 expr /lib/x86_64-linux-gnu/libc.so.6 f
12:48:39.117101385 openat 741189 dirname /etc/ld.so.cache f
12:48:39.117246017 openat 741189 dirname /lib/x86_64-linux-gnu/libc.so.6 f
12:48:39.123500798 openat 741190 basename /etc/ld.so.cache f
12:48:39.123645411 openat 741190 basename /lib/x86_64-linux-gnu/libc.so.6 f
12:48:39.131382731 openat 741191 uname /etc/ld.so.cache f
12:48:39.131526144 openat 741191 uname /lib/x86_64-linux-gnu/libc.so.6 f
12:48:39.138722244 openat 741192 expr /etc/ld.so.cache f
12:48:39.138869095 openat 741192 expr /lib/x86_64-linux-gnu/libc.so.6 f
12:48:39.147629642 openat 741195 sed /etc/ld.so.cache f
12:48:39.147809347 openat 741195 sed /lib/x86_64-linux-gnu/libacl.so.1 f
12:48:39.148189865 openat 741195 sed /lib/x86_64-linux-gnu/libselinux.so.1 f
12:48:39.148569501 openat 741195 sed /lib/x86_64-linux-gnu/libc.so.6 f
12:48:39.149183296 openat 741195 sed /lib/x86_64-linux-gnu/libpcre2-8.so.0 f
12:48:39.149529266 openat 741195 sed /lib/x86_64-linux-gnu/libdl.so.2 f
12:48:39.149871421 openat 741195 sed /lib/x86_64-linux-gnu/libpthread.so.0 f
12:48:39.174795239 openat 741200 cut /etc/ld.so.cache f
12:48:39.174799061 openat 741199 awk /etc/ld.so.cache f
12:48:39.174955724 openat 741200 cut /lib/x86_64-linux-gnu/libc.so.6 f
12:48:39.174971859 openat 741199 awk /lib/x86_64-linux-gnu/libm.so.6 f
12:48:39.175344475 openat 741199 awk /lib/x86_64-linux-gnu/libc.so.6 f
12:48:39.176234411 openat 741198 java /etc/ld.so.cache f
12:48:39.176410800 openat 741198 java /lib/x86_64-linux-gnu/libz.so.1 f
12:48:39.176942130 openat 741198 java /opt/java/openjdk/lib/libjli.so f
12:48:39.177315266 openat 741198 java /lib/x86_64-linux-gnu/libpthread.so.0 f
12:48:39.177844593 openat 741198 java /lib/x86_64-linux-gnu/libdl.so.2 f
12:48:39.178380596 openat 741198 java /lib/x86_64-linux-gnu/libc.so.6 f
12:48:39.180288887 openat 741198 java /opt/java/openjdk/lib/server/libjvm.so f
12:48:39.180748035 openat 741198 java /etc/ld.so.cache f
12:48:39.180942478 openat 741198 java /lib/x86_64-linux-gnu/librt.so.1 f
12:48:39.181643811 openat 741198 java /lib/x86_64-linux-gnu/libm.so.6 f
12:48:39.191815881 openat 741198 java /opt/java/openjdk/lib/libjimage.so f
12:48:39.192046181 openat 741198 java /opt/java/openjdk/lib/libjimage.so f
12:48:39.196944599 openat 741198 java /etc/ld.so.cache f
12:48:39.197094816 openat 741198 java /lib/x86_64-linux-gnu/libnss_files.so.2 f
12:48:39.200654503 openat 741198 java /opt/java/openjdk/lib/libjava.so f
12:48:39.200908139 openat 741198 java /opt/java/openjdk/lib/libjava.so f
12:48:39.283216269 openat 741198 java /opt/java/openjdk/lib/libjsvml.so f
12:48:39.283528209 openat 741198 java /opt/java/openjdk/lib/libjsvml.so f
12:48:39.371796509 openat 741218 expr /etc/ld.so.cache f
12:48:39.371963560 openat 741218 expr /lib/x86_64-linux-gnu/libc.so.6 f
12:48:39.375696964 openat 740990 java /etc/ld.so.cache f
12:48:39.375851183 openat 740990 java /lib/x86_64-linux-gnu/libz.so.1 f
12:48:39.376301882 openat 740990 java /opt/java/openjdk/lib/libjli.so f
12:48:39.376668387 openat 740990 java /lib/x86_64-linux-gnu/libpthread.so.0 f
12:48:39.377155836 openat 740990 java /lib/x86_64-linux-gnu/libdl.so.2 f
12:48:39.377581690 openat 740990 java /lib/x86_64-linux-gnu/libc.so.6 f
12:48:39.379486041 openat 740990 java /opt/java/openjdk/lib/server/libjvm.so f
12:48:39.379898717 openat 740990 java /etc/ld.so.cache f
12:48:39.380041495 openat 740990 java /lib/x86_64-linux-gnu/librt.so.1 f
12:48:39.380607053 openat 740990 java /lib/x86_64-linux-gnu/libm.so.6 f
12:48:39.385545802 openat 740990 java /opt/java/openjdk/lib/libjimage.so f
12:48:39.385757943 openat 740990 java /opt/java/openjdk/lib/libjimage.so f
12:48:39.390379596 openat 740990 java /etc/ld.so.cache f
12:48:39.390563751 openat 740990 java /lib/x86_64-linux-gnu/libnss_files.so.2 f
12:48:39.393812161 openat 740990 java /opt/java/openjdk/lib/libjava.so f
12:48:39.394085205 openat 740990 java /opt/java/openjdk/lib/libjava.so f
12:48:39.441408894 openat 740990 java /opt/java/openjdk/lib/libjsvml.so f
12:48:39.441693391 openat 740990 java /opt/java/openjdk/lib/libjsvml.so f
12:48:39.620175385 openat 740990 java /opt/java/openjdk/lib/libnio.so f
12:48:39.620492001 openat 740990 java /opt/java/openjdk/lib/libnio.so f
12:48:39.621323156 openat 740990 java /opt/java/openjdk/lib/libnet.so f
12:48:39.625071705 openat 740990 java /opt/groovy/lib/groovy-4.0.0.jar f
12:48:39.640269498 openat 740990 java /opt/java/openjdk/lib/libzip.so f
12:48:39.640662213 openat 740990 java /opt/java/openjdk/lib/libzip.so f
12:48:39.713846779 openat 740990 java /opt/java/openjdk/lib/libjimage.so f
12:48:39.876655891 openat 740990 java /opt/groovy/lib/groovy-macro-library-4.0.0.jar f
12:48:39.878538175 openat 740990 java /opt/groovy/lib/groovy-nio-4.0.0.jar f
12:48:39.880095305 openat 740990 java /opt/groovy/lib/groovy-datetime-4.0.0.jar f
12:48:39.881670538 openat 740990 java /opt/groovy/lib/jackson-databind-2.13.1.jar f
12:48:39.886108225 openat 740990 java /opt/groovy/lib/jackson-dataformat-toml-2.13.1.jar f
12:48:39.887738081 openat 740990 java /opt/groovy/lib/jackson-core-2.13.1.jar f
12:48:39.891022879 openat 740990 java /opt/groovy/lib/groovy-cli-picocli-4.0.0.jar f
12:48:39.892736717 openat 740990 java /opt/groovy/lib/javaparser-core-3.24.0.jar f
12:48:39.895017207 openat 740990 java /opt/groovy/lib/ant-launcher-1.10.12.jar f
12:48:39.897985737 openat 740990 java /opt/groovy/lib/groovy-yaml-4.0.0.jar f
12:48:39.899809376 openat 740990 java /opt/groovy/lib/jackson-annotations-2.13.1.jar f
12:48:39.900982263 openat 740990 java /opt/groovy/lib/mxparser-1.2.2.jar f
12:48:39.902071578 openat 740990 java /opt/groovy/lib/groovy-typecheckers-4.0.0.jar f
12:48:39.903593899 openat 740990 java /opt/groovy/lib/groovy-cli-commons-4.0.0.jar f
12:48:39.905231833 openat 740990 java /opt/groovy/lib/gpars-1.2.1.jar f
12:48:39.907932363 openat 740990 java /opt/groovy/lib/groovy-sql-4.0.0.jar f
12:48:39.909579034 openat 740990 java /opt/groovy/lib/groovy-xml-4.0.0.jar f
12:48:39.913436449 openat 740990 java /opt/groovy/lib/groovy-contracts-4.0.0.jar f
12:48:39.915288457 openat 740990 java /opt/groovy/lib/jansi-2.4.0.jar f
12:48:39.916625588 openat 740990 java /opt/groovy/lib/groovy-jsr223-4.0.0.jar f
12:48:39.918297461 openat 740990 java /opt/groovy/lib/ant-1.10.12.jar f
12:48:39.922361548 openat 740990 java /opt/groovy/lib/commons-cli-1.5.0.jar f
12:48:39.923540539 openat 740990 java /opt/groovy/lib/junit-4.13.2.jar f
12:48:39.924960403 openat 740990 java /opt/groovy/lib/testng-7.5.jar f
12:48:39.926679914 openat 740990 java /opt/groovy/lib/groovy-testng-4.0.0.jar f
12:48:39.928573308 openat 740990 java /opt/groovy/lib/jackson-dataformat-yaml-2.13.1.jar f
12:48:39.930395221 openat 740990 java /opt/groovy/lib/groovy-test-junit5-4.0.0.jar f
12:48:39.931995306 openat 740990 java /opt/groovy/lib/opentest4j-1.2.0.jar f
12:48:39.933063171 openat 740990 java /opt/groovy/lib/groovy-groovysh-4.0.0.jar f
12:48:39.939565183 openat 740990 java /opt/groovy/lib/ivy-2.5.0.jar f
12:48:39.941931110 openat 740990 java /opt/groovy/lib/junit-platform-engine-1.8.2.jar f
12:48:39.943286237 openat 740990 java /opt/groovy/lib/groovy-ant-4.0.0.jar f
12:48:39.944963946 openat 740990 java /opt/groovy/lib/jquery-3.5.1.jar f
12:48:39.946042868 openat 740990 java /opt/groovy/lib/jline-2.14.6.jar f
12:48:39.947359586 openat 740990 java /opt/groovy/lib/multiverse-core-0.7.0.jar f
12:48:39.948621842 openat 740990 java /opt/groovy/lib/groovy-servlet-4.0.0.jar f
12:48:39.950133747 openat 740990 java /opt/groovy/lib/groovy-console-4.0.0.jar f
12:48:39.952596587 openat 740990 java /opt/groovy/lib/qdox-1.12.1.jar f
12:48:39.954174827 openat 740990 java /opt/groovy/lib/jcommander-1.78.jar f
12:48:39.955243088 openat 740990 java /opt/groovy/lib/junit-platform-commons-1.8.2.jar f
12:48:39.957212241 openat 740990 java /opt/groovy/lib/groovy-macro-4.0.0.jar f
12:48:39.959141071 openat 740990 java /opt/groovy/lib/ant-antlr-1.10.12.jar f
12:48:39.960598602 openat 740990 java /opt/groovy/lib/groovy-test-4.0.0.jar f
12:48:39.962163587 openat 740990 java /opt/groovy/lib/groovy-dateutil-4.0.0.jar f
12:48:39.963780316 openat 740990 java /opt/groovy/lib/groovy-swing-4.0.0.jar f
12:48:39.965593118 openat 740990 java /opt/groovy/lib/snakeyaml-1.28.jar f
12:48:39.982533234 openat 740990 java /opt/groovy/lib/junit-jupiter-api-5.8.2.jar f
12:48:39.983963126 openat 740990 java /opt/groovy/lib/ant-junit-1.10.12.jar f
12:48:39.985511070 openat 740990 java /opt/groovy/lib/groovy-groovydoc-4.0.0.jar f
12:48:39.988613751 openat 740990 java /opt/groovy/lib/groovy-docgenerator-4.0.0.jar f
12:48:39.990408321 openat 740990 java /opt/groovy/lib/slf4j-api-1.7.32.jar f
12:48:39.992105257 openat 740990 java /opt/groovy/lib/groovy-ginq-4.0.0.jar f
12:48:39.994218012 openat 740990 java /opt/groovy/lib/groovy-toml-4.0.0.jar f
12:48:39.996068789 openat 740990 java /opt/groovy/lib/groovy-astbuilder-4.0.0.jar f
12:48:39.998018841 openat 740990 java /opt/groovy/lib/hamcrest-core-1.3.jar f
12:48:39.999288626 openat 740990 java /opt/groovy/lib/junit-platform-launcher-1.8.2.jar f
12:48:40.001632844 openat 740990 java /opt/groovy/lib/junit-jupiter-engine-5.8.2.jar f
12:48:40.002956081 openat 740990 java /opt/groovy/lib/groovy-json-4.0.0.jar f
12:48:40.004420381 openat 740990 java /opt/groovy/lib/groovy-jmx-4.0.0.jar f
12:48:40.074029765 openat 740990 java /opt/groovy/lib/xstream-1.4.18.jar f
12:48:40.076393123 openat 740990 java /opt/groovy/lib/groovy-templates-4.0.0.jar f
12:48:40.078139629 openat 740990 java /opt/groovy/lib/org.abego.treelayout.core-1.0.3.jar f
12:48:40.079446396 openat 740990 java /opt/groovy/lib/jsr166y-1.7.0.jar f
12:48:40.112966863 openat 740990 java /opt/java/openjdk/lib/libverify.so f
12:48:40.113216680 openat 740990 java /opt/java/openjdk/lib/libverify.so f
12:48:41.871919932 openat 740990 ForkJoinPool.co /opt/groovy/lib/groovy-4.0.0.jar f
12:48:41.876223407 openat 740990 ForkJoinPool.co /opt/java/openjdk/lib/libnet.so f
12:50:32.264435364 openat 742807 which /etc/ld.so.cache f
12:50:32.264615321 openat 742807 which /lib/x86_64-linux-gnu/libc.so.6 f
12:50:32.610175085 openat 742858 which /etc/ld.so.cache f
12:50:32.610349816 openat 742858 which /lib/x86_64-linux-gnu/libc.so.6 f
12:50:32.820813687 openat 742887 which /etc/ld.so.cache f
12:50:32.821014906 openat 742887 which /lib/x86_64-linux-gnu/libc.so.6 f
12:50:33.058338906 openat 742916 which /etc/ld.so.cache f
12:50:33.061656762 openat 742916 which /lib/x86_64-linux-gnu/libc.so.6 f
12:50:33.488810858 openat 742945 which /etc/ld.so.cache f
12:50:33.488998705 openat 742945 which /lib/x86_64-linux-gnu/libc.so.6 f
12:50:33.705357944 openat 742972 which /etc/ld.so.cache f
12:50:33.705595059 openat 742972 which /lib/x86_64-linux-gnu/libc.so.6 f
12:50:33.942727434 openat 743001 which /etc/ld.so.cache f
12:50:33.942921188 openat 743001 which /lib/x86_64-linux-gnu/libc.so.6 f
12:50:34.243146267 openat 743028 which /etc/ld.so.cache f
12:50:34.243304639 openat 743028 which /lib/x86_64-linux-gnu/libc.so.6 f
12:50:34.552684277 openat 743058 sh /etc/ld.so.cache f
12:50:34.552847555 openat 743058 sh /lib/x86_64-linux-gnu/libc.so.6 f
12:50:34.745158245 openat 743089 which /etc/ld.so.cache f
12:50:34.745368146 openat 743089 which /lib/x86_64-linux-gnu/libc.so.6 f
12:50:34.935837623 openat 743120 which /etc/ld.so.cache f
12:50:34.935993145 openat 743120 which /lib/x86_64-linux-gnu/libc.so.6 f
12:50:35.275572549 openat 743151 which /etc/ld.so.cache f
12:50:35.275733444 openat 743151 which /lib/x86_64-linux-gnu/libc.so.6 f
12:50:35.639250950 openat 743195 which /etc/ld.so.cache f
12:50:35.639410239 openat 743195 which /lib/x86_64-linux-gnu/libc.so.6 f
12:50:35.964843747 openat 743241 test /etc/ld.so.cache f
12:50:35.965034679 openat 743241 test /lib/x86_64-linux-gnu/libc.so.6 f
12:50:36.248693164 openat 743277 readlink /etc/ld.so.cache f
12:50:36.248867852 openat 743277 readlink /lib/x86_64-linux-gnu/libc.so.6 f
12:50:36.693375334 openat 743311 test /etc/ld.so.cache f
12:50:36.693573421 openat 743311 test /lib/x86_64-linux-gnu/libc.so.6 f
12:50:36.895177637 openat 743344 readlink /etc/ld.so.cache f
12:50:36.895341939 openat 743344 readlink /lib/x86_64-linux-gnu/libc.so.6 f
12:50:37.306785686 openat 743384 test /etc/ld.so.cache f
12:50:37.306961637 openat 743384 test /lib/x86_64-linux-gnu/libc.so.6 f
12:50:37.609569413 openat 743415 readlink /etc/ld.so.cache f
12:50:37.610157101 openat 743415 readlink /lib/x86_64-linux-gnu/libc.so.6 f
12:50:37.958402412 openat 743454 test /etc/ld.so.cache f
12:50:37.958566230 openat 743454 test /lib/x86_64-linux-gnu/libc.so.6 f
12:50:38.165964683 openat 743482 readlink /etc/ld.so.cache f
12:50:38.166132323 openat 743482 readlink /lib/x86_64-linux-gnu/libc.so.6 f
12:50:38.579631166 openat 743520 test /etc/ld.so.cache f
12:50:38.579804912 openat 743520 test /lib/x86_64-linux-gnu/libc.so.6 f
12:50:38.806727599 openat 743550 readlink /etc/ld.so.cache f
12:50:38.806895584 openat 743550 readlink /lib/x86_64-linux-gnu/libc.so.6 f
12:50:39.213713266 openat 743589 test /etc/ld.so.cache f
12:50:39.213931946 openat 743589 test /lib/x86_64-linux-gnu/libc.so.6 f
12:50:39.574250349 openat 743618 readlink /etc/ld.so.cache f
12:50:39.574411885 openat 743618 readlink /lib/x86_64-linux-gnu/libc.so.6 f
12:50:39.864952377 openat 743656 test /etc/ld.so.cache f
12:50:39.865119178 openat 743656 test /lib/x86_64-linux-gnu/libc.so.6 f
12:50:40.159736597 openat 743685 readlink /etc/ld.so.cache f
12:50:40.159926789 openat 743685 readlink /lib/x86_64-linux-gnu/libc.so.6 f
12:50:40.623525801 openat 743741 test /etc/ld.so.cache f
12:50:40.623677671 openat 743741 test /lib/x86_64-linux-gnu/libc.so.6 f
12:50:40.887069718 openat 743770 readlink /etc/ld.so.cache f
12:50:40.887234345 openat 743770 readlink /lib/x86_64-linux-gnu/libc.so.6 f
12:50:41.332641642 openat 743824 test /etc/ld.so.cache f
12:50:41.332824571 openat 743824 test /lib/x86_64-linux-gnu/libc.so.6 f
12:50:41.613939579 openat 743852 readlink /etc/ld.so.cache f
12:50:41.614122721 openat 743852 readlink /lib/x86_64-linux-gnu/libc.so.6 f
12:50:41.887367446 openat 743892 test /etc/ld.so.cache f
12:50:41.887522917 openat 743892 test /lib/x86_64-linux-gnu/libc.so.6 f
12:50:42.143234492 openat 743921 readlink /etc/ld.so.cache f
12:50:42.143398288 openat 743921 readlink /lib/x86_64-linux-gnu/libc.so.6 f
12:50:42.490771329 openat 743964 test /etc/ld.so.cache f
12:50:42.490956790 openat 743964 test /lib/x86_64-linux-gnu/libc.so.6 f
12:50:42.747418788 openat 743997 readlink /etc/ld.so.cache f
12:50:42.747588298 openat 743997 readlink /lib/x86_64-linux-gnu/libc.so.6 f
12:50:43.010822990 openat 744035 test /etc/ld.so.cache f
12:50:43.011034194 openat 744035 test /lib/x86_64-linux-gnu/libc.so.6 f
12:50:43.351425763 openat 744065 readlink /etc/ld.so.cache f
12:50:43.351665847 openat 744065 readlink /lib/x86_64-linux-gnu/libc.so.6 f
12:50:43.766883482 openat 744105 test /etc/ld.so.cache f
12:50:43.767052321 openat 744105 test /lib/x86_64-linux-gnu/libc.so.6 f
12:50:43.971721457 openat 744134 readlink /etc/ld.so.cache f
12:50:43.971884467 openat 744134 readlink /lib/x86_64-linux-gnu/libc.so.6 f
12:50:44.483538758 openat 744170 test /etc/ld.so.cache f
12:50:44.483733584 openat 744170 test /lib/x86_64-linux-gnu/libc.so.6 f
12:50:44.710403060 openat 744197 readlink /etc/ld.so.cache f
12:50:44.710567768 openat 744197 readlink /lib/x86_64-linux-gnu/libc.so.6 f
12:50:44.982971261 openat 744236 test /etc/ld.so.cache f
12:50:44.983131466 openat 744236 test /lib/x86_64-linux-gnu/libc.so.6 f
12:50:45.262545818 openat 744264 readlink /etc/ld.so.cache f
12:50:45.262722906 openat 744264 readlink /lib/x86_64-linux-gnu/libc.so.6 f
12:50:45.671789848 openat 744318 test /etc/ld.so.cache f
12:50:45.671963104 openat 744318 test /lib/x86_64-linux-gnu/libc.so.6 f
12:50:45.914113554 openat 744350 readlink /etc/ld.so.cache f
12:50:45.914299423 openat 744350 readlink /lib/x86_64-linux-gnu/libc.so.6 f
12:50:46.370742717 openat 744401 test /etc/ld.so.cache f
12:50:46.370957102 openat 744401 test /lib/x86_64-linux-gnu/libc.so.6 f
12:50:46.672297963 openat 744428 readlink /etc/ld.so.cache f
12:50:46.672506578 openat 744428 readlink /lib/x86_64-linux-gnu/libc.so.6 f
12:50:46.948162451 openat 744466 test /etc/ld.so.cache f
12:50:46.948460994 openat 744466 test /lib/x86_64-linux-gnu/libc.so.6 f
12:50:47.243597835 openat 744496 readlink /etc/ld.so.cache f
12:50:47.243784608 openat 744496 readlink /lib/x86_64-linux-gnu/libc.so.6 f
12:50:47.652469802 openat 744540 test /etc/ld.so.cache f
12:50:47.652646357 openat 744540 test /lib/x86_64-linux-gnu/libc.so.6 f
12:50:47.848731115 openat 744568 readlink /etc/ld.so.cache f
12:50:47.848890108 openat 744568 readlink /lib/x86_64-linux-gnu/libc.so.6 f
12:50:48.268366155 openat 744611 test /etc/ld.so.cache f
12:50:48.268560057 openat 744611 test /lib/x86_64-linux-gnu/libc.so.6 f
12:50:48.624439195 openat 744638 readlink /etc/ld.so.cache f
12:50:48.624630159 openat 744638 readlink /lib/x86_64-linux-gnu/libc.so.6 f
12:50:48.894931769 openat 744675 test /etc/ld.so.cache f
12:50:48.895091571 openat 744675 test /lib/x86_64-linux-gnu/libc.so.6 f
12:50:49.167906571 openat 744704 readlink /etc/ld.so.cache f
12:50:49.168090144 openat 744704 readlink /lib/x86_64-linux-gnu/libc.so.6 f
12:50:50.016464592 openat 744740 test /etc/ld.so.cache f
12:50:50.016641615 openat 744740 test /lib/x86_64-linux-gnu/libc.so.6 f
12:50:50.367580771 openat 744769 readlink /etc/ld.so.cache f
12:50:50.367745149 openat 744769 readlink /lib/x86_64-linux-gnu/libc.so.6 f
12:50:50.673927138 openat 744811 test /etc/ld.so.cache f
12:50:50.674096083 openat 744811 test /lib/x86_64-linux-gnu/libc.so.6 f
12:50:51.032930234 openat 744857 test /etc/ld.so.cache f
12:50:51.033089465 openat 744857 test /lib/x86_64-linux-gnu/libc.so.6 f
12:50:51.300073876 openat 744892 readlink /etc/ld.so.cache f
12:50:51.300239159 openat 744892 readlink /lib/x86_64-linux-gnu/libc.so.6 f
12:50:51.563771236 openat 744918 test /etc/ld.so.cache f
12:50:51.563929627 openat 744918 test /lib/x86_64-linux-gnu/libc.so.6 f
12:50:51.866595684 openat 744958 test /etc/ld.so.cache f
12:50:51.866825936 openat 744958 test /lib/x86_64-linux-gnu/libc.so.6 f
12:50:52.061844747 openat 744986 readlink /etc/ld.so.cache f
12:50:52.062130864 openat 744986 readlink /lib/x86_64-linux-gnu/libc.so.6 f
12:50:52.440412077 openat 745020 test /etc/ld.so.cache f
12:50:52.440579798 openat 745020 test /lib/x86_64-linux-gnu/libc.so.6 f
12:50:52.824465867 openat 745060 test /etc/ld.so.cache f
12:50:52.824645160 openat 745060 test /lib/x86_64-linux-gnu/libc.so.6 f
12:50:53.035664564 openat 745088 readlink /etc/ld.so.cache f
12:50:53.035835657 openat 745088 readlink /lib/x86_64-linux-gnu/libc.so.6 f
12:50:53.352291039 openat 745115 test /etc/ld.so.cache f
12:50:53.352464931 openat 745115 test /lib/x86_64-linux-gnu/libc.so.6 f
12:50:53.722316366 openat 745153 test /etc/ld.so.cache f
12:50:53.722560379 openat 745153 test /lib/x86_64-linux-gnu/libc.so.6 f
12:50:53.926715873 openat 745189 readlink /etc/ld.so.cache f
12:50:53.926871995 openat 745189 readlink /lib/x86_64-linux-gnu/libc.so.6 f
12:50:54.243598107 openat 745218 test /etc/ld.so.cache f
12:50:54.243800021 openat 745218 test /lib/x86_64-linux-gnu/libc.so.6 f
12:50:54.679944708 openat 745257 test /etc/ld.so.cache f
12:50:54.680126710 openat 745257 test /lib/x86_64-linux-gnu/libc.so.6 f
12:50:54.884394579 openat 745287 readlink /etc/ld.so.cache f
12:50:54.884555172 openat 745287 readlink /lib/x86_64-linux-gnu/libc.so.6 f
12:50:55.131689462 openat 745316 test /etc/ld.so.cache f
12:50:55.131849348 openat 745316 test /lib/x86_64-linux-gnu/libc.so.6 f
12:50:55.574394397 openat 745369 test /etc/ld.so.cache f
12:50:55.574545682 openat 745369 test /lib/x86_64-linux-gnu/libc.so.6 f
12:50:55.803696163 openat 745399 readlink /etc/ld.so.cache f
12:50:55.803864439 openat 745399 readlink /lib/x86_64-linux-gnu/libc.so.6 f
12:50:56.042458836 openat 745434 test /etc/ld.so.cache f
12:50:56.042619073 openat 745434 test /lib/x86_64-linux-gnu/libc.so.6 f
12:50:56.438139543 openat 745478 test /etc/ld.so.cache f
12:50:56.438327430 openat 745478 test /lib/x86_64-linux-gnu/libc.so.6 f
12:50:56.703819267 openat 745505 readlink /etc/ld.so.cache f
12:50:56.704022237 openat 745505 readlink /lib/x86_64-linux-gnu/libc.so.6 f
12:50:56.921619625 openat 745535 test /etc/ld.so.cache f
12:50:56.921965646 openat 745535 test /lib/x86_64-linux-gnu/libc.so.6 f
12:50:57.482453379 openat 745582 test /etc/ld.so.cache f
12:50:57.482633788 openat 745582 test /lib/x86_64-linux-gnu/libc.so.6 f
12:50:57.713213358 openat 745611 readlink /etc/ld.so.cache f
12:50:57.713392623 openat 745611 readlink /lib/x86_64-linux-gnu/libc.so.6 f
12:50:57.961284438 openat 745640 test /etc/ld.so.cache f
12:50:57.961463501 openat 745640 test /lib/x86_64-linux-gnu/libc.so.6 f
12:50:58.423590528 openat 745680 test /etc/ld.so.cache f
12:50:58.423765316 openat 745680 test /lib/x86_64-linux-gnu/libc.so.6 f
12:50:58.706077844 openat 745708 readlink /etc/ld.so.cache f
12:50:58.706246144 openat 745708 readlink /lib/x86_64-linux-gnu/libc.so.6 f
12:50:58.911387031 openat 745734 test /etc/ld.so.cache f
12:50:58.911766266 openat 745734 test /lib/x86_64-linux-gnu/libc.so.6 f
12:50:59.301319879 openat 745773 test /etc/ld.so.cache f
12:50:59.301493930 openat 745773 test /lib/x86_64-linux-gnu/libc.so.6 f
12:50:59.645061045 openat 745802 readlink /etc/ld.so.cache f
12:50:59.645301043 openat 745802 readlink /lib/x86_64-linux-gnu/libc.so.6 f
12:50:59.846514976 openat 745830 test /etc/ld.so.cache f
12:50:59.847121980 openat 745830 test /lib/x86_64-linux-gnu/libc.so.6 f
12:51:00.171858881 openat 745870 test /etc/ld.so.cache f
12:51:00.172083698 openat 745870 test /lib/x86_64-linux-gnu/libc.so.6 f
12:51:00.531994089 openat 745904 readlink /etc/ld.so.cache f
12:51:00.532155112 openat 745904 readlink /lib/x86_64-linux-gnu/libc.so.6 f
12:51:00.767761069 openat 745942 test /etc/ld.so.cache f
12:51:00.767939761 openat 745942 test /lib/x86_64-linux-gnu/libc.so.6 f
12:51:01.148570833 openat 745983 test /etc/ld.so.cache f
12:51:01.150155374 openat 745983 test /lib/x86_64-linux-gnu/libc.so.6 f
12:51:01.469373619 openat 746020 readlink /etc/ld.so.cache f
12:51:01.469556358 openat 746020 readlink /lib/x86_64-linux-gnu/libc.so.6 f
12:51:01.673014950 openat 746048 test /etc/ld.so.cache f
12:51:01.673245727 openat 746048 test /lib/x86_64-linux-gnu/libc.so.6 f
12:51:01.964359426 openat 746087 test /etc/ld.so.cache f
12:51:01.964530002 openat 746087 test /lib/x86_64-linux-gnu/libc.so.6 f
12:51:02.295457044 openat 746115 readlink /etc/ld.so.cache f
12:51:02.295628328 openat 746115 readlink /lib/x86_64-linux-gnu/libc.so.6 f
12:51:02.595927137 openat 746151 test /etc/ld.so.cache f
12:51:02.596101303 openat 746151 test /lib/x86_64-linux-gnu/libc.so.6 f
12:51:10.517615090 openat 746950 test /etc/ld.so.cache f
12:51:10.517770302 openat 746950 test /lib/x86_64-linux-gnu/libc.so.6 f
12:51:10.743838168 openat 746989 sh /etc/ld.so.cache f
12:51:10.744010310 openat 746989 sh /lib/x86_64-linux-gnu/libc.so.6 f
12:51:10.748718136 openat 746997 ls /etc/ld.so.cache f
12:51:10.748874487 openat 746997 ls /lib/x86_64-linux-gnu/libselinux.so.1 f
12:51:10.749330783 openat 746997 ls /lib/x86_64-linux-gnu/libc.so.6 f
12:51:10.749838622 openat 746997 ls /lib/x86_64-linux-gnu/libpcre2-8.so.0 f
12:51:10.750168854 openat 746997 ls /lib/x86_64-linux-gnu/libdl.so.2 f
12:51:10.750473797 openat 746997 ls /lib/x86_64-linux-gnu/libpthread.so.0 f
12:51:10.760005169 openat 746998 grep /etc/ld.so.cache f
12:51:10.760252185 openat 746998 grep /lib/x86_64-linux-gnu/libpcre.so.3 f
12:51:10.762827206 openat 746998 grep /lib/x86_64-linux-gnu/libdl.so.2 f
12:51:10.763125956 openat 746998 grep /lib/x86_64-linux-gnu/libc.so.6 f
12:51:10.763642345 openat 746998 grep /lib/x86_64-linux-gnu/libpthread.so.0 f
12:51:11.043950141 openat 747026 readlink /etc/ld.so.cache f
12:51:11.044121080 openat 747026 readlink /lib/x86_64-linux-gnu/libc.so.6 f
12:51:11.395122146 openat 747065 readlink /etc/ld.so.cache f
12:51:11.395308978 openat 747065 readlink /lib/x86_64-linux-gnu/libc.so.6 f
12:51:11.711315105 openat 747093 readlink /etc/ld.so.cache f
12:51:11.711510013 openat 747093 readlink /lib/x86_64-linux-gnu/libc.so.6 f
12:51:11.934823357 openat 747124 readlink /etc/ld.so.cache f
12:51:11.934999043 openat 747124 readlink /lib/x86_64-linux-gnu/libc.so.6 f
12:51:12.247891181 openat 747154 readlink /etc/ld.so.cache f
12:51:12.248057930 openat 747154 readlink /lib/x86_64-linux-gnu/libc.so.6 f
12:51:12.516108118 openat 747191 readlink /etc/ld.so.cache f
12:51:12.516283641 openat 747191 readlink /lib/x86_64-linux-gnu/libc.so.6 f
12:51:12.725604465 openat 747222 readlink /etc/ld.so.cache f
12:51:12.725789165 openat 747222 readlink /lib/x86_64-linux-gnu/libc.so.6 f
12:51:12.926270129 openat 747252 readlink /etc/ld.so.cache f
12:51:12.926666980 openat 747252 readlink /lib/x86_64-linux-gnu/libc.so.6 f
12:51:13.222406948 openat 747283 readlink /etc/ld.so.cache f
12:51:13.222573554 openat 747283 readlink /lib/x86_64-linux-gnu/libc.so.6 f
12:51:13.556944986 openat 747309 readlink /etc/ld.so.cache f
12:51:13.557145587 openat 747309 readlink /lib/x86_64-linux-gnu/libc.so.6 f
12:51:13.785682270 openat 747338 readlink /etc/ld.so.cache f
12:51:13.785876758 openat 747338 readlink /lib/x86_64-linux-gnu/libc.so.6 f
12:51:13.986675729 openat 747368 readlink /etc/ld.so.cache f
12:51:13.986838748 openat 747368 readlink /lib/x86_64-linux-gnu/libc.so.6 f
12:51:14.323681005 openat 747399 readlink /etc/ld.so.cache f
12:51:14.323845998 openat 747399 readlink /lib/x86_64-linux-gnu/libc.so.6 f
12:51:14.698497663 openat 747429 readlink /etc/ld.so.cache f
12:51:14.698690348 openat 747429 readlink /lib/x86_64-linux-gnu/libc.so.6 f
12:51:14.916722431 openat 747457 test /etc/ld.so.cache f
12:51:14.917239550 openat 747457 test /lib/x86_64-linux-gnu/libc.so.6 f
12:51:15.190736421 openat 747488 sh /etc/ld.so.cache f
12:51:15.190899510 openat 747488 sh /lib/x86_64-linux-gnu/libc.so.6 f
12:51:15.195267914 openat 747495 grep /etc/ld.so.cache f
12:51:15.195464644 openat 747495 grep /lib/x86_64-linux-gnu/libpcre.so.3 f
12:51:15.195873024 openat 747495 grep /lib/x86_64-linux-gnu/libdl.so.2 f
12:51:15.196220975 openat 747495 grep /lib/x86_64-linux-gnu/libc.so.6 f
12:51:15.196856246 openat 747495 grep /lib/x86_64-linux-gnu/libpthread.so.0 f
12:51:15.198446469 openat 747494 ls /etc/ld.so.cache f
12:51:15.198594814 openat 747494 ls /lib/x86_64-linux-gnu/libselinux.so.1 f
12:51:15.199001974 openat 747494 ls /lib/x86_64-linux-gnu/libc.so.6 f
12:51:15.199518405 openat 747494 ls /lib/x86_64-linux-gnu/libpcre2-8.so.0 f
12:51:15.199817337 openat 747494 ls /lib/x86_64-linux-gnu/libdl.so.2 f
12:51:15.200127678 openat 747494 ls /lib/x86_64-linux-gnu/libpthread.so.0 f
12:51:15.558228726 openat 747535 readlink /etc/ld.so.cache f
12:51:15.558622651 openat 747535 readlink /lib/x86_64-linux-gnu/libc.so.6 f
12:51:15.795424154 openat 747568 readlink /etc/ld.so.cache f
12:51:15.795587394 openat 747568 readlink /lib/x86_64-linux-gnu/libc.so.6 f
12:51:16.108003795 openat 747602 readlink /etc/ld.so.cache f
12:51:16.108153821 openat 747602 readlink /lib/x86_64-linux-gnu/libc.so.6 f
12:51:16.364892815 openat 747638 readlink /etc/ld.so.cache f
12:51:16.365061689 openat 747638 readlink /lib/x86_64-linux-gnu/libc.so.6 f
12:51:16.601543597 openat 747665 readlink /etc/ld.so.cache f
12:51:16.601715994 openat 747665 readlink /lib/x86_64-linux-gnu/libc.so.6 f
12:51:16.807804132 openat 747695 readlink /etc/ld.so.cache f
12:51:16.807969723 openat 747695 readlink /lib/x86_64-linux-gnu/libc.so.6 f
12:51:17.134142038 openat 747724 readlink /etc/ld.so.cache f
12:51:17.134325249 openat 747724 readlink /lib/x86_64-linux-gnu/libc.so.6 f
12:51:17.505336886 openat 747763 readlink /etc/ld.so.cache f
12:51:17.505503441 openat 747763 readlink /lib/x86_64-linux-gnu/libc.so.6 f
12:51:17.716217992 openat 747793 readlink /etc/ld.so.cache f
12:51:17.716395021 openat 747793 readlink /lib/x86_64-linux-gnu/libc.so.6 f
12:51:17.960352244 openat 747824 readlink /etc/ld.so.cache f
12:51:17.960579032 openat 747824 readlink /lib/x86_64-linux-gnu/libc.so.6 f
12:51:18.227753063 openat 747855 readlink /etc/ld.so.cache f
12:51:18.227931513 openat 747855 readlink /lib/x86_64-linux-gnu/libc.so.6 f
12:51:18.536125311 openat 747884 readlink /etc/ld.so.cache f
12:51:18.536293204 openat 747884 readlink /lib/x86_64-linux-gnu/libc.so.6 f
12:51:18.828865156 openat 747915 readlink /etc/ld.so.cache f
12:51:18.829054954 openat 747915 readlink /lib/x86_64-linux-gnu/libc.so.6 f
12:51:19.031832591 openat 747945 readlink /etc/ld.so.cache f
12:51:19.032000111 openat 747945 readlink /lib/x86_64-linux-gnu/libc.so.6 f
12:51:19.363972122 openat 747975 test /etc/ld.so.cache f
12:51:19.364321629 openat 747975 test /lib/x86_64-linux-gnu/libc.so.6 f
12:51:19.638106042 openat 748002 sh /etc/ld.so.cache f
12:51:19.638282155 openat 748002 sh /lib/x86_64-linux-gnu/libc.so.6 f
12:51:19.642060304 openat 748008 ls /etc/ld.so.cache f
12:51:19.642243018 openat 748008 ls /lib/x86_64-linux-gnu/libselinux.so.1 f
12:51:19.642677800 openat 748008 ls /lib/x86_64-linux-gnu/libc.so.6 f
12:51:19.643250534 openat 748008 ls /lib/x86_64-linux-gnu/libpcre2-8.so.0 f
12:51:19.643334631 openat 748009 grep /etc/ld.so.cache f
12:51:19.643487098 openat 748009 grep /lib/x86_64-linux-gnu/libpcre.so.3 f
12:51:19.643572302 openat 748008 ls /lib/x86_64-linux-gnu/libdl.so.2 f
12:51:19.643842308 openat 748009 grep /lib/x86_64-linux-gnu/libdl.so.2 f
12:51:19.643921448 openat 748008 ls /lib/x86_64-linux-gnu/libpthread.so.0 f
12:51:19.644156574 openat 748009 grep /lib/x86_64-linux-gnu/libc.so.6 f
12:51:19.644683303 openat 748009 grep /lib/x86_64-linux-gnu/libpthread.so.0 f
12:51:19.838136750 openat 748030 test /etc/ld.so.cache f
12:51:19.838308879 openat 748030 test /lib/x86_64-linux-gnu/libc.so.6 f
12:51:20.036503018 openat 748058 sh /etc/ld.so.cache f
12:51:20.036664295 openat 748058 sh /lib/x86_64-linux-gnu/libc.so.6 f
12:51:20.042955534 openat 748065 grep /etc/ld.so.cache f
12:51:20.043009537 openat 748064 ls /etc/ld.so.cache f
12:51:20.043131905 openat 748065 grep /lib/x86_64-linux-gnu/libpcre.so.3 f
12:51:20.043163943 openat 748064 ls /lib/x86_64-linux-gnu/libselinux.so.1 f
12:51:20.043500076 openat 748065 grep /lib/x86_64-linux-gnu/libdl.so.2 f
12:51:20.043608219 openat 748064 ls /lib/x86_64-linux-gnu/libc.so.6 f
12:51:20.043814238 openat 748065 grep /lib/x86_64-linux-gnu/libc.so.6 f
12:51:20.044171405 openat 748064 ls /lib/x86_64-linux-gnu/libpcre2-8.so.0 f
12:51:20.044345399 openat 748065 grep /lib/x86_64-linux-gnu/libpthread.so.0 f
12:51:20.044488038 openat 748064 ls /lib/x86_64-linux-gnu/libdl.so.2 f
12:51:20.044814002 openat 748064 ls /lib/x86_64-linux-gnu/libpthread.so.0 f
12:51:20.340974495 openat 748087 test /etc/ld.so.cache f
12:51:20.341198563 openat 748087 test /lib/x86_64-linux-gnu/libc.so.6 f
12:51:20.654821046 openat 748130 test /etc/ld.so.cache f
12:51:20.655000617 openat 748130 test /lib/x86_64-linux-gnu/libc.so.6 f
12:51:21.199691742 openat 748183 sh /etc/ld.so.cache f
12:51:21.199858132 openat 748183 sh /lib/x86_64-linux-gnu/libc.so.6 f
12:51:21.553927037 openat 748213 sh /etc/ld.so.cache f
12:51:21.554090088 openat 748213 sh /lib/x86_64-linux-gnu/libc.so.6 f
12:51:21.557900445 openat 748221 awk /etc/ld.so.cache f
12:51:21.558051159 openat 748221 awk /lib/x86_64-linux-gnu/libm.so.6 f
12:51:21.558412962 openat 748221 awk /lib/x86_64-linux-gnu/libc.so.6 f
12:51:21.559113233 openat 748220 java /etc/ld.so.cache f
12:51:21.559353481 openat 748220 java /lib/x86_64-linux-gnu/libz.so.1 f
12:51:21.560256418 openat 748220 java /opt/java/openjdk/lib/libjli.so f
12:51:21.560597979 openat 748220 java /lib/x86_64-linux-gnu/libpthread.so.0 f
12:51:21.561071804 openat 748220 java /lib/x86_64-linux-gnu/libdl.so.2 f
12:51:21.561497245 openat 748220 java /lib/x86_64-linux-gnu/libc.so.6 f
12:51:21.563469956 openat 748220 java /opt/java/openjdk/lib/server/libjvm.so f
12:51:21.563855382 openat 748220 java /etc/ld.so.cache f
12:51:21.563992822 openat 748220 java /lib/x86_64-linux-gnu/librt.so.1 f
12:51:21.564360601 openat 748220 java /lib/x86_64-linux-gnu/libm.so.6 f
12:51:21.569346947 openat 748220 java /opt/java/openjdk/lib/libjimage.so f
12:51:21.569563048 openat 748220 java /opt/java/openjdk/lib/libjimage.so f
12:51:21.574523526 openat 748220 java /etc/ld.so.cache f
12:51:21.574671621 openat 748220 java /lib/x86_64-linux-gnu/libnss_files.so.2 f
12:51:21.578257782 openat 748220 java /opt/java/openjdk/lib/libjava.so f
12:51:21.578489975 openat 748220 java /opt/java/openjdk/lib/libjava.so f
12:51:21.615973144 openat 748220 java /opt/java/openjdk/lib/libjsvml.so f
12:51:21.616236122 openat 748220 java /opt/java/openjdk/lib/libjsvml.so f
12:51:21.883728343 openat 748260 sh /etc/ld.so.cache f
12:51:21.883889918 openat 748260 sh /lib/x86_64-linux-gnu/libc.so.6 f
12:51:22.210784897 openat 748287 sh /etc/ld.so.cache f
12:51:22.210973652 openat 748287 sh /lib/x86_64-linux-gnu/libc.so.6 f
12:51:22.232202178 openat 748301 ls /etc/ld.so.cache f
12:51:22.232362988 openat 748301 ls /lib/x86_64-linux-gnu/libselinux.so.1 f
12:51:22.232836433 openat 748301 ls /lib/x86_64-linux-gnu/libc.so.6 f
12:51:22.233449025 openat 748301 ls /lib/x86_64-linux-gnu/libpcre2-8.so.0 f
12:51:22.233769697 openat 748301 ls /lib/x86_64-linux-gnu/libdl.so.2 f
12:51:22.234108323 openat 748301 ls /lib/x86_64-linux-gnu/libpthread.so.0 f
12:51:59.719280856 openat 749287 test /etc/ld.so.cache f
12:51:59.719447324 openat 749287 test /lib/x86_64-linux-gnu/libc.so.6 f
12:51:59.927556863 openat 749314 test /etc/ld.so.cache f
12:51:59.927721025 openat 749314 test /lib/x86_64-linux-gnu/libc.so.6 f
12:52:00.296007212 openat 749339 sh /etc/ld.so.cache f
12:52:00.296179620 openat 749339 sh /lib/x86_64-linux-gnu/libc.so.6 f
12:52:00.318556217 openat 749347 find /etc/ld.so.cache f
12:52:00.318780835 openat 749347 find /lib/x86_64-linux-gnu/libselinux.so.1 f
12:52:00.319206172 openat 749347 find /lib/x86_64-linux-gnu/libm.so.6 f
12:52:00.319514383 openat 749347 find /lib/x86_64-linux-gnu/libc.so.6 f
12:52:00.320114655 openat 749347 find /lib/x86_64-linux-gnu/libpcre2-8.so.0 f
12:52:00.320423840 openat 749347 find /lib/x86_64-linux-gnu/libdl.so.2 f
12:52:00.320725517 openat 749347 find /lib/x86_64-linux-gnu/libpthread.so.0 f
eadlink /lib/x86_64-linux-gnu/libc.so.6 f
12:51:02.595924965 openat 746151 test /etc/ld.so.cache f
12:51:02.596099583 openat 746151 test /lib/x86_64-linux-gnu/libc.so.6 f
12:51:10.517613149 openat 746950 test /etc/ld.so.cache f
12:51:10.517768343 openat 746950 test /lib/x86_64-linux-gnu/libc.so.6 f
12:51:10.743836192 openat 746989 sh /etc/ld.so.cache f
12:51:10.744008122 openat 746989 sh /lib/x86_64-linux-gnu/libc.so.6 f
12:51:10.748716253 openat 746997 ls /etc/ld.so.cache f
12:51:10.748872657 openat 746997 ls /lib/x86_64-linux-gnu/libselinux.so.1 f
12:51:10.749328905 openat 746997 ls /lib/x86_64-linux-gnu/libc.so.6 f
12:51:10.749836870 openat 746997 ls /lib/x86_64-linux-gnu/libpcre2-8.so.0 f
12:51:10.750167067 openat 746997 ls /lib/x86_64-linux-gnu/libdl.so.2 f
12:51:10.750471913 openat 746997 ls /lib/x86_64-linux-gnu/libpthread.so.0 f
12:51:10.760003264 openat 746998 grep /etc/ld.so.cache f
12:51:10.760250188 openat 746998 grep /lib/x86_64-linux-gnu/libpcre.so.3 f
12:51:10.762825317 openat 746998 grep /lib/x86_64-linux-gnu/libdl.so.2 f
12:51:10.763124128 openat 746998 grep /lib/x86_64-linux-gnu/libc.so.6 f
12:51:10.763640642 openat 746998 grep /lib/x86_64-linux-gnu/libpthread.so.0 f
12:51:11.043948093 openat 747026 readlink /etc/ld.so.cache f
12:51:11.044119306 openat 747026 readlink /lib/x86_64-linux-gnu/libc.so.6 f
12:51:11.395119948 openat 747065 readlink /etc/ld.so.cache f
12:51:11.395306856 openat 747065 readlink /lib/x86_64-linux-gnu/libc.so.6 f
12:51:11.711312784 openat 747093 readlink /etc/ld.so.cache f
12:51:11.711507804 openat 747093 readlink /lib/x86_64-linux-gnu/libc.so.6 f
12:51:11.934821425 openat 747124 readlink /etc/ld.so.cache f
12:51:11.934997351 openat 747124 readlink /lib/x86_64-linux-gnu/libc.so.6 f
12:51:12.247889098 openat 747154 readlink /etc/ld.so.cache f
12:51:12.248056037 openat 747154 readlink /lib/x86_64-linux-gnu/libc.so.6 f
12:51:12.516105900 openat 747191 readlink /etc/ld.so.cache f
12:51:12.516281511 openat 747191 readlink /lib/x86_64-linux-gnu/libc.so.6 f
12:51:12.725600568 openat 747222 readlink /etc/ld.so.cache f
12:51:12.725787170 openat 747222 readlink /lib/x86_64-linux-gnu/libc.so.6 f
12:51:12.926267874 openat 747252 readlink /etc/ld.so.cache f
12:51:12.926664585 openat 747252 readlink /lib/x86_64-linux-gnu/libc.so.6 f
12:51:13.222404991 openat 747283 readlink /etc/ld.so.cache f
12:51:13.222571709 openat 747283 readlink /lib/x86_64-linux-gnu/libc.so.6 f
12:51:13.556942124 openat 747309 readlink /etc/ld.so.cache f
12:51:13.557143423 openat 747309 readlink /lib/x86_64-linux-gnu/libc.so.6 f
12:51:13.785680217 openat 747338 readlink /etc/ld.so.cache f
12:51:13.785874650 openat 747338 readlink /lib/x86_64-linux-gnu/libc.so.6 f
12:51:13.986673590 openat 747368 readlink /etc/ld.so.cache f
12:51:13.986836736 openat 747368 readlink /lib/x86_64-linux-gnu/libc.so.6 f
12:51:14.323679063 openat 747399 readlink /etc/ld.so.cache f
12:51:14.323844167 openat 747399 readlink /lib/x86_64-linux-gnu/libc.so.6 f
12:51:14.698495743 openat 747429 readlink /etc/ld.so.cache f
12:51:14.698688198 openat 747429 readlink /lib/x86_64-linux-gnu/libc.so.6 f
12:51:14.916719987 openat 747457 test /etc/ld.so.cache f
12:51:14.917237066 openat 747457 test /lib/x86_64-linux-gnu/libc.so.6 f
12:51:15.190734473 openat 747488 sh /etc/ld.so.cache f
12:51:15.190897580 openat 747488 sh /lib/x86_64-linux-gnu/libc.so.6 f
12:51:15.195265893 openat 747495 grep /etc/ld.so.cache f
12:51:15.195462473 openat 747495 grep /lib/x86_64-linux-gnu/libpcre.so.3 f
12:51:15.195870880 openat 747495 grep /lib/x86_64-linux-gnu/libdl.so.2 f
12:51:15.196218911 openat 747495 grep /lib/x86_64-linux-gnu/libc.so.6 f
12:51:15.196853981 openat 747495 grep /lib/x86_64-linux-gnu/libpthread.so.0 f
12:51:15.198444321 openat 747494 ls /etc/ld.so.cache f
12:51:15.198593020 openat 747494 ls /lib/x86_64-linux-gnu/libselinux.so.1 f
12:51:15.199000232 openat 747494 ls /lib/x86_64-linux-gnu/libc.so.6 f
12:51:15.199516506 openat 747494 ls /lib/x86_64-linux-gnu/libpcre2-8.so.0 f
12:51:15.199815489 openat 747494 ls /lib/x86_64-linux-gnu/libdl.so.2 f
12:51:15.200125893 openat 747494 ls /lib/x86_64-linux-gnu/libpthread.so.0 f
12:51:15.558226328 openat 747535 readlink /etc/ld.so.cache f
12:51:15.558620469 openat 747535 readlink /lib/x86_64-linux-gnu/libc.so.6 f
12:51:15.795421831 openat 747568 readlink /etc/ld.so.cache f
12:51:15.795585513 openat 747568 readlink /lib/x86_64-linux-gnu/libc.so.6 f
12:51:16.108001994 openat 747602 readlink /etc/ld.so.cache f
12:51:16.108151993 openat 747602 readlink /lib/x86_64-linux-gnu/libc.so.6 f
12:51:16.364890720 openat 747638 readlink /etc/ld.so.cache f
