16:43:38.272727635 openat 894165 java /usr/local/openjdk-8/jre/lib/jfr.jar f
16:43:38.346009512 openat 894165 java /usr/local/tomcat/bin/bootstrap.jar f
16:43:38.412595147 openat 894165 java /usr/local/tomcat/bin/commons-daemon.jar f
16:43:38.414284596 openat 894165 java /usr/local/tomcat/bin/tomcat-juli.jar f
16:43:38.724228820 openat 894165 java /usr/local/tomcat/lib/tomcat-coyote.jar f
16:43:38.763276139 openat 894165 java /usr/local/tomcat/lib/tomcat-i18n-ru.jar f
16:43:38.780643517 openat 894165 java /usr/local/tomcat/lib/websocket-api.jar f
16:43:38.782162708 openat 894165 java /usr/local/tomcat/lib/tomcat-i18n-ja.jar f
16:43:38.784205649 openat 894165 java /usr/local/tomcat/lib/tomcat-jdbc.jar f
16:43:38.795415522 openat 894165 java /usr/local/tomcat/lib/catalina-ant.jar f
16:43:38.796890904 openat 894165 java /usr/local/tomcat/lib/annotations-api.jar f
16:43:38.797717630 openat 894165 java /usr/local/tomcat/lib/ecj-4.4.2.jar f
16:43:38.825276205 openat 894165 java /usr/local/tomcat/lib/tomcat-i18n-zh-CN.jar f
16:43:38.833967177 openat 894165 java /usr/local/tomcat/lib/tomcat-i18n-fr.jar f
16:43:38.858899462 openat 894165 java /usr/local/tomcat/lib/tomcat-api.jar f
16:43:38.859835780 openat 894165 java /usr/local/tomcat/lib/tomcat-i18n-es.jar f
16:43:38.885017403 openat 894165 java /usr/local/tomcat/lib/tomcat-i18n-ko.jar f
16:43:38.903645231 openat 894165 java /usr/local/tomcat/lib/catalina.jar f
16:43:38.995977323 openat 894165 java /usr/local/tomcat/lib/catalina-tribes.jar f
16:43:39.018389437 openat 894165 java /usr/local/tomcat/lib/servlet-api.jar f
16:43:39.024935099 openat 894165 java /usr/local/tomcat/lib/jasper.jar f
16:43:39.039069861 openat 894165 java /usr/local/tomcat/lib/jsp-api.jar f
16:43:39.040495347 openat 894165 java /usr/local/tomcat/lib/jasper-el.jar f
16:43:39.069902196 openat 894165 java /usr/local/tomcat/lib/el-api.jar f
16:43:39.071213432 openat 894165 java /usr/local/tomcat/lib/catalina-ha.jar f
16:43:39.086690708 openat 894165 java /usr/local/tomcat/lib/tomcat-dbcp.jar f
16:43:39.097945437 openat 894165 java /usr/local/tomcat/lib/tomcat-i18n-de.jar f
16:43:39.099408961 openat 894165 java /usr/local/tomcat/lib/tomcat7-websocket.jar f
16:43:39.116958217 openat 894165 java /usr/local/tomcat/lib/tomcat-util.jar f
16:43:40.758578480 openat 894165 java /usr/local/openjdk-8/jre/lib/ext/cldrdata.jar f
16:43:40.787430647 openat 894165 java /usr/local/openjdk-8/jre/lib/ext/localedata.jar f
16:43:40.928217804 openat 894165 java /usr/local/openjdk-8/jre/lib/jsse.jar f
16:43:41.000685243 openat 894165 java /usr/local/openjdk-8/jre/lib/jce.jar f
16:43:41.014562471 openat 894165 java /usr/local/openjdk-8/jre/lib/ext/sunec.jar f
16:43:41.049058190 openat 894165 java /usr/local/openjdk-8/jre/lib/ext/sunjce_provider.jar f
16:43:41.177549345 openat 894165 java /usr/local/tomcat/bin/bootstrap.jar f
16:43:41.182319824 openat 894165 java /usr/local/tomcat/bin/tomcat-juli.jar f
16:43:41.183418616 openat 894165 java /usr/local/openjdk-8/jre/lib/ext/nashorn.jar f
16:43:41.184335935 openat 894165 java /usr/local/openjdk-8/jre/lib/ext/cldrdata.jar f
16:43:41.184955646 openat 894165 java /usr/local/openjdk-8/jre/lib/ext/sunec.jar f
16:43:41.186881696 openat 894165 java /usr/local/openjdk-8/jre/lib/ext/zipfs.jar f
16:43:41.202583760 openat 894165 java /usr/local/openjdk-8/jre/lib/ext/localedata.jar f
16:43:41.203337808 openat 894165 java /usr/local/openjdk-8/jre/lib/ext/sunpkcs11.jar f
16:43:41.224837428 openat 894165 java /usr/local/openjdk-8/jre/lib/ext/sunjce_provider.jar f
16:43:41.225586194 openat 894165 java /usr/local/openjdk-8/jre/lib/ext/jaccess.jar f
16:43:41.226466541 openat 894165 java /usr/local/openjdk-8/jre/lib/ext/dnsns.jar f
16:43:41.227426145 openat 894165 java /usr/local/tomcat/lib/tomcat-coyote.jar f
16:43:41.228153607 openat 894165 java /usr/local/tomcat/lib/tomcat-i18n-ru.jar f
16:43:41.228849632 openat 894165 java /usr/local/tomcat/lib/websocket-api.jar f
16:43:41.229517819 openat 894165 java /usr/local/tomcat/lib/tomcat-i18n-ja.jar f
16:43:41.230165738 openat 894165 java /usr/local/tomcat/lib/tomcat-jdbc.jar f
16:43:41.230905463 openat 894165 java /usr/local/tomcat/lib/catalina-ant.jar f
16:43:41.231579788 openat 894165 java /usr/local/tomcat/lib/annotations-api.jar f
16:43:41.232287583 openat 894165 java /usr/local/tomcat/lib/ecj-4.4.2.jar f
16:43:41.232610346 openat 894165 java /usr/local/tomcat/lib/tomcat-i18n-zh-CN.jar f
16:43:41.233405748 openat 894165 java /usr/local/tomcat/lib/tomcat-i18n-fr.jar f
16:43:41.236361725 openat 894165 java /usr/local/tomcat/lib/tomcat-api.jar f
16:43:41.237045541 openat 894165 java /usr/local/tomcat/lib/tomcat-i18n-es.jar f
16:43:41.237649479 openat 894165 java /usr/local/tomcat/lib/tomcat-i18n-ko.jar f
16:43:41.238467370 openat 894165 java /usr/local/tomcat/lib/catalina.jar f
16:43:41.239339320 openat 894165 java /usr/local/tomcat/lib/catalina-tribes.jar f
16:43:41.239980048 openat 894165 java /usr/local/tomcat/lib/servlet-api.jar f
16:43:41.240579483 openat 894165 java /usr/local/tomcat/lib/jasper.jar f
16:43:41.241231501 openat 894165 java /usr/local/tomcat/lib/jsp-api.jar f
16:43:41.241957242 openat 894165 java /usr/local/tomcat/lib/jasper-el.jar f
16:43:41.242618725 openat 894165 java /usr/local/tomcat/lib/el-api.jar f
16:43:41.243240139 openat 894165 java /usr/local/tomcat/lib/catalina-ha.jar f
16:43:41.243826675 openat 894165 java /usr/local/tomcat/lib/tomcat-dbcp.jar f
16:43:41.244393406 openat 894165 java /usr/local/tomcat/lib/tomcat-i18n-de.jar f
16:43:41.244977155 openat 894165 java /usr/local/tomcat/lib/tomcat7-websocket.jar f
16:43:41.245536966 openat 894165 java /usr/local/tomcat/lib/tomcat-util.jar f
